max_growth,k_val,rxns,Z
0.71739,0.145837711,CYTDK2,1
0.71739,0.145837711,XPPT,1
0.71739,0.145837711,HXPRT,1
0.71739,0.145837711,OMPDC,1
0.71739,0.145837711,G5SD,1
0.71739,0.145837711,CS,1
0.71739,0.145837711,ALATA_L2,1
0.71739,0.145837711,PTRCTA,0
0.71739,0.145837711,ACS,1
0.71739,0.145837711,CYSDS,1
0.71739,0.145837711,PPA,1
0.71739,0.145837711,APRAUR,1
0.71739,0.145837711,PPCK,1
0.71739,0.145837711,ME1,1
0.71739,0.145837711,DB4PS,1
0.71739,0.145837711,RBFK,1
0.71739,0.145837711,XYLK,0
0.71739,0.145837711,RBK,1
0.71739,0.145837711,GLYK,1
0.71739,0.145837711,ACP1_FMN,1
0.71739,0.145837711,RBFSb,1
0.71739,0.145837711,NDP3,1
0.71739,0.145837711,CDPPH,1
0.71739,0.145837711,NDP7,1
0.71739,0.145837711,FBP,1
0.71739,0.145837711,GLGC,1
0.71739,0.145837711,ALATA_D2,1
0.71739,0.145837711,PYK,1
0.71739,0.145837711,PMDPHT,1
0.71739,0.145837711,CPPPGO,1
0.71739,0.145837711,DHORD5,1
0.71739,0.145837711,GLYCTO2,1
0.71739,0.145837711,GLYCTO3,0
0.71739,0.145837711,GLYCTO4,1
0.71739,0.145837711,RBFSa,1
0.71739,0.145837711,ACHBS,1
0.71739,0.145837711,PFK_3,1
0.71739,0.145837711,DHAD2,1
0.71739,0.145837711,ACLS,1
0.71739,0.145837711,TRPS2,1
0.71739,0.145837711,G3PD5,1
0.71739,0.145837711,G1PP,0
0.71739,0.145837711,PFL,1
0.71739,0.145837711,ANS,1
0.71739,0.145837711,FRD2,1
0.71739,0.145837711,FRD3,1
0.71739,0.145837711,ANPRT,1
0.71739,0.145837711,POX,1
0.71739,0.145837711,CHORM,1
0.71739,0.145837711,CHORS,1
0.71739,0.145837711,IGPS,1
0.71739,0.145837711,LEUTAi,1
0.71739,0.145837711,DMATT,1
0.71739,0.145837711,GRTT,1
0.71739,0.145837711,UPP3S,1
0.71739,0.145837711,UPPDC1,1
0.71739,0.145837711,MOAT,1
0.71739,0.145837711,UDCPDPS,1
0.71739,0.145837711,USHD,1
0.71739,0.145837711,MGSA,1
0.71739,0.145837711,IMPD,1
0.71739,0.145837711,PPS,1
0.71739,0.145837711,LPADSS,1
0.71739,0.145837711,TDSK,1
0.71739,0.145837711,TMPPP,1
0.71739,0.145837711,EDA,1
0.71739,0.145837711,NTPP1,1
0.71739,0.145837711,URIK1,1
0.71739,0.145837711,URIK2,1
0.71739,0.145837711,NTPP2,1
0.71739,0.145837711,PGL,1
0.71739,0.145837711,NTPTP1,0
0.71739,0.145837711,NTPTP2,0
0.71739,0.145837711,CYTDK1,1
0.71739,0.145837711,DHQTi,1
0.71739,0.145837711,IPMD,1
0.71739,0.145837711,G6PDA,1
0.71739,0.145837711,RNDR1,1
0.71739,0.145837711,RNDR3,1
0.71739,0.145837711,RNDR4,1
0.71739,0.145837711,ALDD2y,1
0.71739,0.145837711,TMDS,1
0.71739,0.145837711,TMDK1,1
0.71739,0.145837711,PPCDC,1
0.71739,0.145837711,FTHFD,1
0.71739,0.145837711,DHAD1,1
0.71739,0.145837711,G3PD7,1
0.71739,0.145837711,EDD,1
0.71739,0.145837711,NADH9,1
0.71739,0.145837711,NADH10,1
0.71739,0.145837711,INSK,1
0.71739,0.145837711,ABTA,0
0.71739,0.145837711,FMNAT,1
0.71739,0.145837711,PYDXNK,1
0.71739,0.145837711,PYAM5PO,1
0.71739,0.145837711,SSALx,0
0.71739,0.145837711,ASPT,1
0.71739,0.145837711,SERD_L,1
0.71739,0.145837711,NADDP,1
0.71739,0.145837711,THRD,0
0.71739,0.145837711,HEX4,1
0.71739,0.145837711,NMNAT,1
0.71739,0.145837711,HMPK1,0
0.71739,0.145837711,ACCOAC,1
0.71739,0.145837711,NADK,1
0.71739,0.145837711,GLXCL,1
0.71739,0.145837711,SUCBZS,0
0.71739,0.145837711,ICHORT,0
0.71739,0.145837711,RBK_L1,0
0.71739,0.145837711,TARTD,0
0.71739,0.145837711,NTD2,1
0.71739,0.145837711,GLCRAL,0
0.71739,0.145837711,NTD4,1
0.71739,0.145837711,NTD5,1
0.71739,0.145837711,HEMEOS,0
0.71739,0.145837711,ADMDC,1
0.71739,0.145837711,AGMT,1
0.71739,0.145837711,NTD6,0
0.71739,0.145837711,LGTHL,0
0.71739,0.145837711,PYDXPP,1
0.71739,0.145837711,PDXPP,1
0.71739,0.145837711,ARGDC,1
0.71739,0.145837711,ARGSS,1
0.71739,0.145837711,SPMS,1
0.71739,0.145837711,DXPS,1
0.71739,0.145837711,OAADC,1
0.71739,0.145837711,MNNH,0
0.71739,0.145837711,CDPMEK,1
0.71739,0.145837711,ALTRH,0
0.71739,0.145837711,DDGLK,0
0.71739,0.145837711,ICL,1
0.71739,0.145837711,UAGDP,1
0.71739,0.145837711,UAGCVT,1
0.71739,0.145837711,GLYCL,1
0.71739,0.145837711,CMPN,1
0.71739,0.145837711,NNDPR,1
0.71739,0.145837711,HCYSMT,1
0.71739,0.145837711,DMQMT,0
0.71739,0.145837711,LACZ,0
0.71739,0.145837711,TRE6PH,0
0.71739,0.145837711,PPC,1
0.71739,0.145837711,ICHORS_copy1,0
0.71739,0.145837711,G3PT,1
0.71739,0.145837711,CINNDO,0
0.71739,0.145837711,DHPPD,0
0.71739,0.145837711,DHCIND,0
0.71739,0.145837711,CITL,1
0.71739,0.145837711,GOFUCR,0
0.71739,0.145837711,PYDXK,1
0.71739,0.145837711,DNMPPA,1
0.71739,0.145837711,HPPK2,1
0.71739,0.145837711,PTPATi,1
0.71739,0.145837711,HEX7,1
0.71739,0.145837711,DXPRIi,1
0.71739,0.145837711,GTPCII2,1
0.71739,0.145837711,URIC,1
0.71739,0.145837711,SADT2,1
0.71739,0.145837711,OPHBDC,1
0.71739,0.145837711,OHPHM,0
0.71739,0.145837711,DHORD2,1
0.71739,0.145837711,PFK_2,0
0.71739,0.145837711,ACACCT,0
0.71739,0.145837711,SDPDS,1
0.71739,0.145837711,DMSOR1,0
0.71739,0.145837711,PGLYCP,0
0.71739,0.145837711,DKGLCNR2y,0
0.71739,0.145837711,G1PTT,0
0.71739,0.145837711,TDPGDH,0
0.71739,0.145837711,ADCS,1
0.71739,0.145837711,ADCL,1
0.71739,0.145837711,DHAPT,1
0.71739,0.145837711,UDPGALM,0
0.71739,0.145837711,TDPDRE,0
0.71739,0.145837711,TDPDRR,0
0.71739,0.145837711,RZ5PP,0
0.71739,0.145837711,DURIK1,1
0.71739,0.145837711,G3PD6,1
0.71739,0.145837711,ALLTN,1
0.71739,0.145837711,UAPGR,1
0.71739,0.145837711,UPPRT,1
0.71739,0.145837711,NTD9,1
0.71739,0.145837711,CTPS2,1
0.71739,0.145837711,NTD1,1
0.71739,0.145837711,NTD7,1
0.71739,0.145837711,PAPPT3,1
0.71739,0.145837711,UAGPT3,1
0.71739,0.145837711,AOBUTDs,0
0.71739,0.145837711,ADNUC,1
0.71739,0.145837711,GMHEPPA,0
0.71739,0.145837711,S7PI,0
0.71739,0.145837711,TRPS3,1
0.71739,0.145837711,AGMHE,0
0.71739,0.145837711,NTD10,1
0.71739,0.145837711,GMHEPAT,0
0.71739,0.145837711,ADPT,1
0.71739,0.145837711,IDOND2,1
0.71739,0.145837711,FADRx,1
0.71739,0.145837711,GTPDPK,1
0.71739,0.145837711,NADN,1
0.71739,0.145837711,GLYCLTDx,1
0.71739,0.145837711,HPYRRy,1
0.71739,0.145837711,ACODA,1
0.71739,0.145837711,ADA,1
0.71739,0.145837711,DADA,0
0.71739,0.145837711,ADD,1
0.71739,0.145837711,HBZOPT,1
0.71739,0.145837711,PNTK,1
0.71739,0.145837711,ADSS,1
0.71739,0.145837711,AGDC,1
0.71739,0.145837711,OCTDPS,1
0.71739,0.145837711,ASNN,1
0.71739,0.145837711,DPCOAK,1
0.71739,0.145837711,HETZK,0
0.71739,0.145837711,ASNS2,1
0.71739,0.145837711,ASPCT,1
0.71739,0.145837711,KDOPS,1
0.71739,0.145837711,KDOPP,1
0.71739,0.145837711,DMPPS,1
0.71739,0.145837711,IPDPS,1
0.71739,0.145837711,AST,0
0.71739,0.145837711,SGDS,0
0.71739,0.145837711,CYNTAH,0
0.71739,0.145837711,DHDPRy,1
0.71739,0.145837711,HSK,1
0.71739,0.145837711,GSPMDA,1
0.71739,0.145837711,GSPMDS,1
0.71739,0.145837711,GUAD,0
0.71739,0.145837711,THRS,1
0.71739,0.145837711,HSST,1
0.71739,0.145837711,PPNDH,1
0.71739,0.145837711,TMAOR1,0
0.71739,0.145837711,TMAOR2,0
0.71739,0.145837711,TRDR,1
0.71739,0.145837711,DDPA,1
0.71739,0.145837711,NMNDA,1
0.71739,0.145837711,NNAM,1
0.71739,0.145837711,P5CD,1
0.71739,0.145837711,FRUK,0
0.71739,0.145837711,SPMDAT1,0
0.71739,0.145837711,RHCCE,1
0.71739,0.145837711,KG6PDC,0
0.71739,0.145837711,SPMDAT2,0
0.71739,0.145837711,TDPADGAT,0
0.71739,0.145837711,MALS,1
0.71739,0.145837711,X5PL3E,0
0.71739,0.145837711,DOGULNR,0
0.71739,0.145837711,TRE6PP,0
0.71739,0.145837711,BETALDHx,0
0.71739,0.145837711,BETALDHy,0
0.71739,0.145837711,MLTG3,0
0.71739,0.145837711,ADPRDP,1
0.71739,0.145837711,NADTRHD,1
0.71739,0.145837711,FMNRx2,1
0.71739,0.145837711,GALS3,0
0.71739,0.145837711,FCLK,0
0.71739,0.145837711,GMPS2,1
0.71739,0.145837711,AMPN,1
0.71739,0.145837711,GSNK,1
0.71739,0.145837711,GALUi,0
0.71739,0.145837711,UAAGDS,1
0.71739,0.145837711,UAMAS,1
0.71739,0.145837711,UAMAGS,1
0.71739,0.145837711,UGLYCH,1
0.71739,0.145837711,NTPP3,1
0.71739,0.145837711,NTPP6,1
0.71739,0.145837711,NTPP7,1
0.71739,0.145837711,OP4ENH,0
0.71739,0.145837711,HOPNTAL,0
0.71739,0.145837711,NTPP8,1
0.71739,0.145837711,P5CR,1
0.71739,0.145837711,3HPPPNH,0
0.71739,0.145837711,G5SADs,1
0.71739,0.145837711,GMAND,0
0.71739,0.145837711,CYTD,1
0.71739,0.145837711,AKGDH,1
0.71739,0.145837711,HPYRRx,1
0.71739,0.145837711,GLYCDx,0
0.71739,0.145837711,ASP1DC,1
0.71739,0.145837711,UGMDDS,1
0.71739,0.145837711,DCYTD,1
0.71739,0.145837711,DBTS,1
0.71739,0.145837711,DCTPD,1
0.71739,0.145837711,UHGADA,1
0.71739,0.145837711,AMANK,0
0.71739,0.145837711,HISTD,1
0.71739,0.145837711,DHDPS,1
0.71739,0.145837711,G1PACT,1
0.71739,0.145837711,GART,1
0.71739,0.145837711,CSND,1
0.71739,0.145837711,GF6PTA,1
0.71739,0.145837711,IGPDH,1
0.71739,0.145837711,H2SO,1
0.71739,0.145837711,GLUCYS,1
0.71739,0.145837711,PRATPP,1
0.71739,0.145837711,GLUN,1
0.71739,0.145837711,GLUPRT,1
0.71739,0.145837711,GMPR,0
0.71739,0.145837711,CYSS,1
0.71739,0.145837711,NADS1,1
0.71739,0.145837711,BPNT,1
0.71739,0.145837711,PAPSR,1
0.71739,0.145837711,DAPDC,1
0.71739,0.145837711,NTRIR2x,0
0.71739,0.145837711,GPDDA1,0
0.71739,0.145837711,GPDDA2,1
0.71739,0.145837711,PPND,1
0.71739,0.145837711,METAT,1
0.71739,0.145837711,ASCBPL,0
0.71739,0.145837711,ACBIPGT,0
0.71739,0.145837711,TRPS1,1
0.71739,0.145837711,PRAMPC,1
0.71739,0.145837711,ADOCBLS,0
0.71739,0.145837711,ADOCBIK,0
0.71739,0.145837711,TMPK,1
0.71739,0.145837711,HPPPNDO,0
0.71739,0.145837711,DXYLK,0
0.71739,0.145837711,MDH3,1
0.71739,0.145837711,SOTA,0
0.71739,0.145837711,DHCINDO,0
0.71739,0.145837711,SGSAD,0
0.71739,0.145837711,HKNDDH,0
0.71739,0.145837711,HKNTDH,0
0.71739,0.145837711,GLYCK2,1
0.71739,0.145837711,PTA2,0
0.71739,0.145837711,MDH2,1
0.71739,0.145837711,GPDDA5,0
0.71739,0.145837711,PDX5PS,1
0.71739,0.145837711,PPBNGS,1
0.71739,0.145837711,ENTCS,0
0.71739,0.145837711,SULR,1
0.71739,0.145837711,MANPGH,0
0.71739,0.145837711,URDGLYCD,0
0.71739,0.145837711,PPNCL2,1
0.71739,0.145837711,PRFGS,1
0.71739,0.145837711,ACM6PH,1
0.71739,0.145837711,CYTDH,1
0.71739,0.145837711,ETHAAL,1
0.71739,0.145837711,MAN1PT2,1
0.71739,0.145837711,PSERT,0
0.71739,0.145837711,AP4AH,1
0.71739,0.145837711,AP5AH,0
0.71739,0.145837711,ADNCYC,1
0.71739,0.145837711,AIRC2,1
0.71739,0.145837711,MI1PP,0
0.71739,0.145837711,MCITS,1
0.71739,0.145837711,HEX1,1
0.71739,0.145837711,GND,1
0.71739,0.145837711,TAUDO,0
0.71739,0.145837711,NTP3,1
0.71739,0.145837711,MOAT2,1
0.71739,0.145837711,ME2,1
0.71739,0.145837711,CBPS,1
0.71739,0.145837711,GLU5K,1
0.71739,0.145837711,IPPS,1
0.71739,0.145837711,NADH5,1
0.71739,0.145837711,MOHMT,1
0.71739,0.145837711,MLTG2,0
0.71739,0.145837711,MLTG1,0
0.71739,0.145837711,AMALT3,0
0.71739,0.145837711,SPODM,1
0.71739,0.145837711,AHCYSNS,1
0.71739,0.145837711,ACNML,0
0.71739,0.145837711,TMK,0
0.71739,0.145837711,NTPP4,1
0.71739,0.145837711,GMPS,1
0.71739,0.145837711,CAT,1
0.71739,0.145837711,FTHFLi,1
0.71739,0.145837711,UDPGD,0
0.71739,0.145837711,GLCRD,0
0.71739,0.145837711,PPPNDO,0
0.71739,0.145837711,CHRPL,1
0.71739,0.145837711,TDPAGTA,0
0.71739,0.145837711,UACMAMO,0
0.71739,0.145837711,PMPK,1
0.71739,0.145837711,LCADi,1
0.71739,0.145837711,PSP_L,0
0.71739,0.145837711,GLUDC,1
0.71739,0.145837711,BSORy,0
0.71739,0.145837711,DMSOR2,0
0.71739,0.145837711,ADSK,1
0.71739,0.145837711,CYSTL,1
0.71739,0.145837711,ACMAMUT,0
0.71739,0.145837711,SHSL1,1
0.71739,0.145837711,SSALy,0
0.71739,0.145837711,DDGALK,0
0.71739,0.145837711,AB6PGH,0
0.71739,0.145837711,AMALT1,0
0.71739,0.145837711,3HCINNMH,0
0.71739,0.145837711,BSORx,0
0.71739,0.145837711,PACCOAL,1
0.71739,0.145837711,GP4GH,0
0.71739,0.145837711,ACGAMT,0
0.71739,0.145837711,AADDGT,0
0.71739,0.145837711,SPODMpp,0
0.71739,0.145837711,PHYTSpp,0
0.71739,0.145837711,PPTHpp,0
0.71739,0.145837711,NTP3pp,0
0.71739,0.145837711,GMHEPK,0
0.71739,0.145837711,GTPCI,1
0.71739,0.145837711,FDMO,0
0.71739,0.145837711,CHOLD,0
0.71739,0.145837711,TRE6PS,0
0.71739,0.145837711,DRPA,1
0.71739,0.145837711,UDCPDP,1
0.71739,0.145837711,TREH,0
0.71739,0.145837711,NTD8pp,0
0.71739,0.145837711,DHFS,1
0.71739,0.145837711,TREHpp,0
0.71739,0.145837711,ACGAMK,1
0.71739,0.145837711,METS,1
0.71739,0.145837711,ASPO3,1
0.71739,0.145837711,ASPO5,1
0.71739,0.145837711,ASPO4,0
0.71739,0.145837711,ASPO6,1
0.71739,0.145837711,GLYOX3,1
0.71739,0.145837711,FDMO3,0
0.71739,0.145837711,O16GLCT1,0
0.71739,0.145837711,O16AP2pp,0
0.71739,0.145837711,O16AP3pp,0
0.71739,0.145837711,O16A4Lpp,0
0.71739,0.145837711,PRASCSi,1
0.71739,0.145837711,DHBSH,0
0.71739,0.145837711,MALDDH,0
0.71739,0.145837711,ENTERES,0
0.71739,0.145837711,DHPS2,1
0.71739,0.145837711,LYXI,0
0.71739,0.145837711,QULNS,1
0.71739,0.145837711,ALKP,1
0.71739,0.145837711,L_LACD3,1
0.71739,0.145837711,L_LACD2,1
0.71739,0.145837711,GGGABAH,1
0.71739,0.145837711,FDMO6,0
0.71739,0.145837711,DATPHs,0
0.71739,0.145837711,GLCTR1,0
0.71739,0.145837711,ECAP1pp,0
0.71739,0.145837711,UDCPDPpp,0
0.71739,0.145837711,ECAP2pp,0
0.71739,0.145837711,ECA4OALpp,0
0.71739,0.145837711,FE3Ri,1
0.71739,0.145837711,NODOy,0
0.71739,0.145837711,GALM2pp,0
0.71739,0.145837711,GLCTR3,0
0.71739,0.145837711,HEPT4,0
0.71739,0.145837711,NODOx,0
0.71739,0.145837711,NHFRBO,0
0.71739,0.145837711,42A12BOOXpp,0
0.71739,0.145837711,TYROXDApp,0
0.71739,0.145837711,UDPGALPpp,0
0.71739,0.145837711,UACGAMPpp,0
0.71739,0.145837711,UACGALPpp,0
0.71739,0.145837711,UGLCURPpp,0
0.71739,0.145837711,FEROpp,1
0.71739,0.145837711,GUR1PPpp,0
0.71739,0.145837711,ACGAL1PPpp,0
0.71739,0.145837711,AM4PCP,1
0.71739,0.145837711,ACANTHAT,0
0.71739,0.145837711,TDP,1
0.71739,0.145837711,METSOXR1,0
0.71739,0.145837711,METSOXR2,0
0.71739,0.145837711,DAPAL,0
0.71739,0.145837711,AMPTASECG,1
0.71739,0.145837711,LACZpp,0
0.71739,0.145837711,GPDDA1pp,0
0.71739,0.145837711,GPDDA5pp,0
0.71739,0.145837711,PTHRpp,0
0.71739,0.145837711,FLVR,1
0.71739,0.145837711,FDMO2,0
0.71739,0.145837711,LALGP,1
0.71739,0.145837711,R5PPpp,0
0.71739,0.145837711,PSP_Lpp,0
0.71739,0.145837711,TYRPpp,0
0.71739,0.145837711,R1PK,1
0.71739,0.145837711,R15BPK,1
0.71739,0.145837711,FACOAE160,1
0.71739,0.145837711,PPGPPDP,1
0.71739,0.145837711,GUACYC,1
0.71739,0.145837711,GGPTRCS,1
0.71739,0.145837711,23PDE2pp,0
0.71739,0.145837711,23PDE4pp,0
0.71739,0.145837711,23PDE9pp,0
0.71739,0.145837711,ATPHs,1
0.71739,0.145837711,SARCOX,0
0.71739,0.145837711,GTPHs,0
0.71739,0.145837711,MN6PP,1
0.71739,0.145837711,3KGK,0
0.71739,0.145837711,F6PP,1
0.71739,0.145837711,GDPMNH,0
0.71739,0.145837711,GDPDPK,1
0.71739,0.145837711,ASNNpp,1
0.71739,0.145837711,GLUNpp,0
0.71739,0.145837711,NTD12,0
0.71739,0.145837711,NTD10pp,0
0.71739,0.145837711,NTD1pp,0
0.71739,0.145837711,NTD2pp,0
0.71739,0.145837711,NTD3pp,0
0.71739,0.145837711,NTD4pp,0
0.71739,0.145837711,NTD5pp,0
0.71739,0.145837711,DNTPPA,1
0.71739,0.145837711,NTD6pp,0
0.71739,0.145837711,NTD7pp,0
0.71739,0.145837711,NTD9pp,0
0.71739,0.145837711,PEAMNOpp,0
0.71739,0.145837711,GAL1PPpp,0
0.71739,0.145837711,NTPP9,1
0.71739,0.145837711,NTPP10,0
0.71739,0.145837711,NTPP11,0
0.71739,0.145837711,ARGDCpp,1
0.71739,0.145837711,URIH,1
0.71739,0.145837711,ALLK,0
0.71739,0.145837711,NADPHQR2,1
0.71739,0.145837711,NADPHQR3,1
0.71739,0.145837711,NADPHQR4,1
0.71739,0.145837711,ASR,0
0.71739,0.145837711,METOX1s,0
0.71739,0.145837711,XTSNH,1
0.71739,0.145837711,METOX2s,0
0.71739,0.145837711,INSH,1
0.71739,0.145837711,O16AT,0
0.71739,0.145837711,O16GALFT,0
0.71739,0.145837711,O16GLCT2,0
0.71739,0.145837711,O16AP1pp,0
0.71739,0.145837711,GPDDA3pp,0
0.71739,0.145837711,GPDDA4pp,1
0.71739,0.145837711,GPDDA2pp,1
0.71739,0.145837711,AGM4PCP,0
0.71739,0.145837711,HCYSMT2,0
0.71739,0.145837711,ACGK,1
0.71739,0.145837711,PPK2,0
0.71739,0.145837711,PPDOy,1
0.71739,0.145837711,NTD12pp,0
0.71739,0.145837711,PPA2,0
0.71739,0.145837711,GNK,1
0.71739,0.145837711,HMBS,1
0.71739,0.145837711,3NTD7pp,0
0.71739,0.145837711,3NTD4pp,0
0.71739,0.145837711,3NTD2pp,0
0.71739,0.145837711,3NTD9pp,0
0.71739,0.145837711,RMK,0
0.71739,0.145837711,HYPOE,1
0.71739,0.145837711,MEPCT,1
0.71739,0.145837711,23PDE7pp,0
0.71739,0.145837711,GLYCLTDy,1
0.71739,0.145837711,LYSDC,1
0.71739,0.145837711,DAAD,1
0.71739,0.145837711,HSTPT,1
0.71739,0.145837711,NTPP5,1
0.71739,0.145837711,THDPS,1
0.71739,0.145837711,ACONMT,0
0.71739,0.145837711,ATPM,1
0.71739,0.145837711,NADPPPS,1
0.71739,0.145837711,THRD_L,1
0.71739,0.145837711,NTD3,1
0.71739,0.145837711,GLYOX,0
0.71739,0.145837711,NAMNPP,1
0.71739,0.145837711,SELNPS,0
0.71739,0.145837711,MTRPOX,0
0.71739,0.145837711,AGM4PCPpp,0
0.71739,0.145837711,GTPDPDP,1
0.71739,0.145837711,RNDR2,1
0.71739,0.145837711,PRAIi,1
0.71739,0.145837711,NMNN,1
0.71739,0.145837711,XAND,1
0.71739,0.145837711,SHKK,1
0.71739,0.145837711,NNDMBRT,0
0.71739,0.145837711,THRA2,0
0.71739,0.145837711,PPK,1
0.71739,0.145837711,SADH,0
0.71739,0.145837711,GLUSy,1
0.71739,0.145837711,GUAPRT,0
0.71739,0.145837711,OMCDC,1
0.71739,0.145837711,ABUTD,0
0.71739,0.145837711,PDH,1
0.71739,0.145837711,MTHFR2,1
0.71739,0.145837711,DUTPDP,1
0.71739,0.145837711,NTP5,1
0.71739,0.145837711,MTAN,1
0.71739,0.145837711,DPR,1
0.71739,0.145837711,NTD8,0
0.71739,0.145837711,GALCTD,0
0.71739,0.145837711,MLTG4,0
0.71739,0.145837711,UDPGDC,0
0.71739,0.145837711,G6PP,1
0.71739,0.145837711,MMCD,1
0.71739,0.145837711,GLNS,1
0.71739,0.145837711,GTHS,1
0.71739,0.145837711,ULA4NFT,0
0.71739,0.145837711,NTD11pp,0
0.71739,0.145837711,DKGLCNR2x,0
0.71739,0.145837711,ACGS,1
0.71739,0.145837711,PDE1,1
0.71739,0.145837711,UPLA4FNT,0
0.71739,0.145837711,HEPT1,0
0.71739,0.145837711,MCITD,1
0.71739,0.145837711,ALR2,1
0.71739,0.145837711,AMALT2,0
0.71739,0.145837711,HEPT2,0
0.71739,0.145837711,HXAND,1
0.71739,0.145837711,MOAT3C,0
0.71739,0.145837711,ADNK1,1
0.71739,0.145837711,RHAT1,0
0.71739,0.145837711,GALT1,0
0.71739,0.145837711,GLCTR2,0
0.71739,0.145837711,G2PPpp,0
0.71739,0.145837711,UDPGPpp,0
0.71739,0.145837711,HEPK1,0
0.71739,0.145837711,HEPT3,0
0.71739,0.145837711,HEPK2,0
0.71739,0.145837711,R5PP,1
0.71739,0.145837711,CYSSADS,0
0.71739,0.145837711,CPPPGO2,1
0.71739,0.145837711,PPPGO,1
0.71739,0.145837711,LDH_D2,1
0.71739,0.145837711,SUCBZL,0
0.71739,0.145837711,CYSDDS,0
0.71739,0.145837711,NTP1,1
0.71739,0.145837711,LALDO3,1
0.71739,0.145837711,NTP10,1
0.71739,0.145837711,PRAIS,1
0.71739,0.145837711,GDMANE,0
0.71739,0.145837711,GPDDA4,1
0.71739,0.145837711,PLIPA1E160pp,1
0.71739,0.145837711,LPLIPAL2E180,0
0.71739,0.145837711,2AGPEAT160,1
0.71739,0.145837711,PANTS,1
0.71739,0.145837711,G1PPpp,0
0.71739,0.145837711,GALCTND,0
0.71739,0.145837711,GCALDD,1
0.71739,0.145837711,HISTP,1
0.71739,0.145837711,QMO2,0
0.71739,0.145837711,QMO3,1
0.71739,0.145837711,AMALT4,0
0.71739,0.145837711,NTD11,1
0.71739,0.145837711,LPLIPAL2G180,0
0.71739,0.145837711,ORNDC,1
0.71739,0.145837711,UPP3MT,1
0.71739,0.145837711,2AGPGAT180,1
0.71739,0.145837711,DHQS,1
0.71739,0.145837711,2AGPGAT160,1
0.71739,0.145837711,PGSA180,0
0.71739,0.145837711,PGCD,0
0.71739,0.145837711,FACOAE180,1
0.71739,0.145837711,LPLIPAL2ATG140,0
0.71739,0.145837711,LPLIPAL2ATG160,0
0.71739,0.145837711,LPLIPAL2ATG180,0
0.71739,0.145837711,FACOAE80,0
0.71739,0.145837711,CFAS160G,0
0.71739,0.145837711,ALAALAD,1
0.71739,0.145837711,2AGPEAT180,1
0.71739,0.145837711,LPLIPAL2ATE140,0
0.71739,0.145837711,LPLIPAL2ATE160,0
0.71739,0.145837711,LPLIPAL2ATE180,0
0.71739,0.145837711,PLIPA1G180pp,1
0.71739,0.145837711,AMPTASEPG,0
0.71739,0.145837711,PGPP160pp,1
0.71739,0.145837711,PGPP180pp,0
0.71739,0.145837711,SERD_D,0
0.71739,0.145837711,CLPNH160pp,1
0.71739,0.145837711,PLIPA1E180pp,1
0.71739,0.145837711,FLVRx,1
0.71739,0.145837711,GGPTRCO,1
0.71739,0.145837711,AACTOOR,0
0.71739,0.145837711,ECAP3pp,0
0.71739,0.145837711,TPRDCOAS,0
0.71739,0.145837711,ACGAM1PPpp,0
0.71739,0.145837711,FMNRx,1
0.71739,0.145837711,DHBS,0
0.71739,0.145837711,THIORDXi,1
0.71739,0.145837711,PPPGO3,1
0.71739,0.145837711,PFK,1
0.71739,0.145837711,PDX5POi,1
0.71739,0.145837711,PDX5PO2,1
0.71739,0.145837711,OMBZLM,0
0.71739,0.145837711,GLYCK,1
0.71739,0.145837711,MLTG5,0
0.71739,0.145837711,GPDDA3,0
0.71739,0.145837711,2DOXG6PP,0
0.71739,0.145837711,OXAMTC,0
0.71739,0.145837711,DASYN140,1
0.71739,0.145837711,DASYN180,1
0.71739,0.145837711,MCTP2App,0
0.71739,0.145837711,5DOAN,1
0.71739,0.145837711,SFGTHi,0
0.71739,0.145837711,PYDAMK,1
0.71739,0.145837711,DHORDfum,1
0.71739,0.145837711,DHNAOT4,0
0.71739,0.145837711,AMPMS2,1
0.71739,0.145837711,ALR4x,1
0.71739,0.145837711,PSSA180,0
0.71739,0.145837711,PSD160,1
0.71739,0.145837711,PSD180,0
0.71739,0.145837711,LPLIPAL1G180pp,0
0.71739,0.145837711,LPLIPAL1G181pp,1
0.71739,0.145837711,PLIPA2A180pp,1
0.71739,0.145837711,PLIPA2G160pp,1
0.71739,0.145837711,CU1Opp,0
0.71739,0.145837711,SUCDi,1
0.71739,0.145837711,FADRx2,1
0.71739,0.145837711,LALDO2x,1
0.71739,0.145837711,LPLIPAL1E160pp,1
0.71739,0.145837711,LPLIPAL1E180pp,0
0.71739,0.145837711,ASNS1,1
0.71739,0.145837711,LPLIPAL1G160pp,1
0.71739,0.145837711,GTHRDHpp,1
0.71739,0.145837711,PLIPA2E160pp,1
0.71739,0.145837711,MDDCP3pp,0
0.71739,0.145837711,MLDCP2Bpp,0
0.71739,0.145837711,CDAPPA140,1
0.71739,0.145837711,MLDCP1App,0
0.71739,0.145837711,PDE4,1
0.71739,0.145837711,PGSA161,0
0.71739,0.145837711,PGPP160,1
0.71739,0.145837711,PGPP180,0
0.71739,0.145837711,PGPP161,0
0.71739,0.145837711,CDAPPA180,1
0.71739,0.145837711,NTP12,0
0.71739,0.145837711,LPLIPAL1A180pp,1
0.71739,0.145837711,MLDCP2App,0
0.71739,0.145837711,CLPNH140pp,1
0.71739,0.145837711,MDDCP5pp,0
0.71739,0.145837711,MLTGY3pp,0
0.71739,0.145837711,MDDCP4pp,0
0.71739,0.145837711,PLIPA1G160pp,1
0.71739,0.145837711,LPLIPAL2E160,1
0.71739,0.145837711,LPLIPAL2G160,1
0.71739,0.145837711,AGPAT181,1
0.71739,0.145837711,PGPP161pp,0
0.71739,0.145837711,MDDEP3pp,0
0.71739,0.145837711,MLTGY1pp,1
0.71739,0.145837711,MLDCP1Bpp,0
0.71739,0.145837711,AGPAT141,1
0.71739,0.145837711,MDDEP2pp,0
0.71739,0.145837711,AGPAT161,1
0.71739,0.145837711,MLDEP1pp,0
0.71739,0.145837711,MLTGY2pp,0
0.71739,0.145837711,NTP11,0
0.71739,0.145837711,OMMBLHX3,0
0.71739,0.145837711,2MAHMP,1
0.71739,0.145837711,NADHPO,1
0.71739,0.145837711,CTBTCAL2,0
0.71739,0.145837711,OBTFL,1
0.71739,0.145837711,GDPMNP,1
0.71739,0.145837711,OPHHX3,1
0.71739,0.145837711,AMMQLT8,0
0.71739,0.145837711,CRNDCAL2,0
0.71739,0.145837711,DTARTD,0
0.71739,0.145837711,CRNCAL2,0
0.71739,0.145837711,PLIPA2E180pp,0
0.71739,0.145837711,PLIPA2G180pp,0
0.71739,0.145837711,OXCDC,0
0.71739,0.145837711,GALCTLO,0
0.71739,0.145837711,MTHTHFSs,0
0.71739,0.145837711,SELGTHR,0
0.71739,0.145837711,MALCOAMT,1
0.71739,0.145837711,THRA,1
0.71739,0.145837711,XYLK2,0
0.71739,0.145837711,S2FE2SR,1
0.71739,0.145837711,3AMACHYD,0
0.71739,0.145837711,LDGUNPD,1
0.71739,0.145837711,MPTAT,0
0.71739,0.145837711,CCGS,0
0.71739,0.145837711,SELR,0
0.71739,0.145837711,CDGR,0
0.71739,0.145837711,S2FE2ST,1
0.71739,0.145837711,CDGS,0
0.71739,0.145837711,CBMD,0
0.71739,0.145837711,I2FE2ST,1
0.71739,0.145837711,OXCOAHDH,0
0.71739,0.145837711,MSAR,0
0.71739,0.145837711,THFAT,0
0.71739,0.145837711,FOMETRi,0
0.71739,0.145837711,GDPTPDP,1
0.71739,0.145837711,LIPOCT,0
0.71739,0.145837711,LIPATPT,0
0.71739,0.145837711,MMM,1
0.71739,0.145837711,CPH4S,0
0.71739,0.145837711,SHCHCS3,0
0.71739,0.145837711,PYK4,1
0.71739,0.145837711,3OXCOAT,0
0.71739,0.145837711,URACPAH,0
0.71739,0.145837711,AP4AS,1
0.71739,0.145837711,GNP,1
0.71739,0.145837711,POAACR,0
0.71739,0.145837711,ACOAD1fr,0
0.71739,0.145837711,ALR2x,1
0.71739,0.145837711,OMPHHXy,0
0.71739,0.145837711,APCS,0
0.71739,0.145837711,ThDPAT,0
0.71739,0.145837711,G2PP,0
0.71739,0.145837711,SHGO,1
0.71739,0.145837711,PACOAT,1
0.71739,0.145837711,PYK2,1
0.71739,0.145837711,PYK3,1
0.71739,0.145837711,DHPTDNR,0
0.71739,0.145837711,DHPTDNRN,0
0.71739,0.145837711,GTHPi,1
0.71739,0.145837711,SEPHCHCS,0
0.71739,0.145837711,PYK6,1
0.71739,0.145837711,5DGLCNR,0
0.71739,0.145837711,RU5PP,0
0.71739,0.145837711,MOX,1
0.71739,0.145837711,CYSTA,0
0.71739,0.145837711,I2FE2SR,0
0.71739,0.145837711,GAPP,1
0.71739,0.145837711,TYRL,1
0.71739,0.145837711,HPYRP,0
0.71739,0.145837711,QUINDHyi,0
0.71739,0.145837711,DHGLYH,1
0.71739,0.145837711,4HTHRK,0
0.71739,0.145837711,ACOAD1f,0
0.71739,0.145837711,QUINDH,0
0.71739,0.145837711,LCARSyi,1
0.71739,0.145837711,OMMBLHXy,0
0.71739,0.145837711,OPHHXy,1
0.71739,0.145837711,PROD3,1
0.71739,0.145837711,F1PP,0
0.71739,0.145837711,ACP1p,0
0.71739,0.145837711,3HPADHi,0
0.71739,0.145837711,DHPTDCs2,0
0.71739,0.145837711,OXDHCOAT,0
0.71739,0.145837711,PYROX,0
0.71739,0.145837711,NDPK5_FWD,1
0.71739,0.145837711,NDPK5_REV,0
0.71739,0.145837711,SHK3Dr_FWD,1
0.71739,0.145837711,SHK3Dr_REV,0
0.71739,0.145837711,NDPK6_FWD,1
0.71739,0.145837711,NDPK6_REV,0
0.71739,0.145837711,NDPK8_FWD,1
0.71739,0.145837711,NDPK8_REV,0
0.71739,0.145837711,DHORTS_FWD,0
0.71739,0.145837711,DHORTS_REV,1
0.71739,0.145837711,PYNP2r_FWD,1
0.71739,0.145837711,PYNP2r_REV,1
0.71739,0.145837711,ICDHyr_FWD,1
0.71739,0.145837711,ICDHyr_REV,0
0.71739,0.145837711,DURIPP_FWD,1
0.71739,0.145837711,DURIPP_REV,0
0.71739,0.145837711,ACALD_FWD,1
0.71739,0.145837711,ACALD_REV,0
0.71739,0.145837711,MAN6PI_FWD,0
0.71739,0.145837711,MAN6PI_REV,0
0.71739,0.145837711,TRPAS2_FWD,1
0.71739,0.145837711,TRPAS2_REV,0
0.71739,0.145837711,ALAR_FWD,1
0.71739,0.145837711,ALAR_REV,0
0.71739,0.145837711,ALATA_L_FWD,0
0.71739,0.145837711,ALATA_L_REV,1
0.71739,0.145837711,PPM_FWD,1
0.71739,0.145837711,PPM_REV,0
0.71739,0.145837711,ASPTA_FWD,0
0.71739,0.145837711,ASPTA_REV,1
0.71739,0.145837711,A5PISO_FWD,1
0.71739,0.145837711,A5PISO_REV,0
0.71739,0.145837711,GTHOr_FWD,1
0.71739,0.145837711,GTHOr_REV,0
0.71739,0.145837711,ILETA_FWD,0
0.71739,0.145837711,ILETA_REV,1
0.71739,0.145837711,VALTA_FWD,0
0.71739,0.145837711,VALTA_REV,1
0.71739,0.145837711,IPPMIb_FWD,0
0.71739,0.145837711,IPPMIb_REV,1
0.71739,0.145837711,ORPT_FWD,0
0.71739,0.145837711,ORPT_REV,1
0.71739,0.145837711,PSCVT_FWD,1
0.71739,0.145837711,PSCVT_REV,0
0.71739,0.145837711,PTAr_FWD,0
0.71739,0.145837711,PTAr_REV,1
0.71739,0.145837711,ACKr_FWD,1
0.71739,0.145837711,ACKr_REV,0
0.71739,0.145837711,EX_h_e_FWD,0
0.71739,0.145837711,EX_h_e_REV,0
0.71739,0.145837711,TMDPP_FWD,0
0.71739,0.145837711,TMDPP_REV,0
0.71739,0.145837711,ECOAH6_FWD,0
0.71739,0.145837711,ECOAH6_REV,0
0.71739,0.145837711,ENO_FWD,1
0.71739,0.145837711,ENO_REV,1
0.71739,0.145837711,FBA_FWD,0
0.71739,0.145837711,FBA_REV,1
0.71739,0.145837711,HCO3E_FWD,1
0.71739,0.145837711,HCO3E_REV,0
0.71739,0.145837711,IMPC_FWD,0
0.71739,0.145837711,IMPC_REV,1
0.71739,0.145837711,ECOAH4_FWD,0
0.71739,0.145837711,ECOAH4_REV,0
0.71739,0.145837711,PGI_FWD,0
0.71739,0.145837711,PGI_REV,1
0.71739,0.145837711,PGK_FWD,1
0.71739,0.145837711,PGK_REV,0
0.71739,0.145837711,RPE_FWD,1
0.71739,0.145837711,RPE_REV,0
0.71739,0.145837711,TALA_FWD,1
0.71739,0.145837711,TALA_REV,0
0.71739,0.145837711,PUNP1_FWD,0
0.71739,0.145837711,PUNP1_REV,1
0.71739,0.145837711,PUNP2_FWD,0
0.71739,0.145837711,PUNP2_REV,0
0.71739,0.145837711,PUNP3_FWD,0
0.71739,0.145837711,PUNP3_REV,0
0.71739,0.145837711,ADSL2r_FWD,1
0.71739,0.145837711,ADSL2r_REV,0
0.71739,0.145837711,TKT1_FWD,1
0.71739,0.145837711,TKT1_REV,0
0.71739,0.145837711,PUNP5_FWD,1
0.71739,0.145837711,PUNP5_REV,1
0.71739,0.145837711,PUNP6_FWD,0
0.71739,0.145837711,PUNP6_REV,0
0.71739,0.145837711,PUNP7_FWD,0
0.71739,0.145837711,PUNP7_REV,1
0.71739,0.145837711,ALCD2x_FWD,0
0.71739,0.145837711,ALCD2x_REV,1
0.71739,0.145837711,RMI_FWD,0
0.71739,0.145837711,RMI_REV,0
0.71739,0.145837711,LYSAM_FWD,0
0.71739,0.145837711,LYSAM_REV,0
0.71739,0.145837711,IPPMIa_FWD,0
0.71739,0.145837711,IPPMIa_REV,1
0.71739,0.145837711,ADK4_FWD,0
0.71739,0.145837711,ADK4_REV,1
0.71739,0.145837711,MDH_FWD,0
0.71739,0.145837711,MDH_REV,1
0.71739,0.145837711,FUM_FWD,1
0.71739,0.145837711,FUM_REV,0
0.71739,0.145837711,OHPBAT_FWD,1
0.71739,0.145837711,OHPBAT_REV,0
0.71739,0.145837711,KARA1_FWD,0
0.71739,0.145837711,KARA1_REV,1
0.71739,0.145837711,KARA2_FWD,1
0.71739,0.145837711,KARA2_REV,0
0.71739,0.145837711,ICHORS_copy2_FWD,0
0.71739,0.145837711,ICHORS_copy2_REV,0
0.71739,0.145837711,DHBD_FWD,0
0.71739,0.145837711,DHBD_REV,0
0.71739,0.145837711,RBP4E_FWD,0
0.71739,0.145837711,RBP4E_REV,0
0.71739,0.145837711,HACD6_FWD,0
0.71739,0.145837711,HACD6_REV,0
0.71739,0.145837711,ECOAH1_FWD,0
0.71739,0.145837711,ECOAH1_REV,0
0.71739,0.145837711,ECOAH2_FWD,0
0.71739,0.145837711,ECOAH2_REV,0
0.71739,0.145837711,AGPR_FWD,0
0.71739,0.145837711,AGPR_REV,1
0.71739,0.145837711,G1SAT_FWD,1
0.71739,0.145837711,G1SAT_REV,0
0.71739,0.145837711,ECOAH3_FWD,0
0.71739,0.145837711,ECOAH3_REV,0
0.71739,0.145837711,UGLT_FWD,0
0.71739,0.145837711,UGLT_REV,0
0.71739,0.145837711,GUI1_FWD,0
0.71739,0.145837711,GUI1_REV,0
0.71739,0.145837711,PGAMT_FWD,0
0.71739,0.145837711,PGAMT_REV,1
0.71739,0.145837711,XYLI2_FWD,1
0.71739,0.145837711,XYLI2_REV,1
0.71739,0.145837711,PMANM_FWD,0
0.71739,0.145837711,PMANM_REV,0
0.71739,0.145837711,GLUR_FWD,0
0.71739,0.145837711,GLUR_REV,1
0.71739,0.145837711,UAG2E_FWD,0
0.71739,0.145837711,UAG2E_REV,0
0.71739,0.145837711,UDPG4E_FWD,0
0.71739,0.145837711,UDPG4E_REV,0
0.71739,0.145837711,XYLI1_FWD,0
0.71739,0.145837711,XYLI1_REV,0
0.71739,0.145837711,HACD4_FWD,0
0.71739,0.145837711,HACD4_REV,0
0.71739,0.145837711,HACD5_FWD,0
0.71739,0.145837711,HACD5_REV,0
0.71739,0.145837711,HACD7_FWD,0
0.71739,0.145837711,HACD7_REV,0
0.71739,0.145837711,GHMT2r_FWD,0
0.71739,0.145837711,GHMT2r_REV,1
0.71739,0.145837711,LCARS_FWD,1
0.71739,0.145837711,LCARS_REV,0
0.71739,0.145837711,ALCD19_FWD,1
0.71739,0.145837711,ALCD19_REV,0
0.71739,0.145837711,RMPA_FWD,0
0.71739,0.145837711,RMPA_REV,0
0.71739,0.145837711,SBTPD_FWD,0
0.71739,0.145837711,SBTPD_REV,0
0.71739,0.145837711,GLTPD_FWD,0
0.71739,0.145837711,GLTPD_REV,0
0.71739,0.145837711,EX_hdcea_e_FWD,0
0.71739,0.145837711,EX_hdcea_e_REV,0
0.71739,0.145837711,TGBPA_FWD,0
0.71739,0.145837711,TGBPA_REV,0
0.71739,0.145837711,MANAO_FWD,0
0.71739,0.145837711,MANAO_REV,0
0.71739,0.145837711,TAGURr_FWD,0
0.71739,0.145837711,TAGURr_REV,0
0.71739,0.145837711,UMPK_FWD,1
0.71739,0.145837711,UMPK_REV,0
0.71739,0.145837711,DDPGALA_FWD,0
0.71739,0.145837711,DDPGALA_REV,0
0.71739,0.145837711,NDPK7_FWD,1
0.71739,0.145837711,NDPK7_REV,0
0.71739,0.145837711,GLYAT_FWD,0
0.71739,0.145837711,GLYAT_REV,0
0.71739,0.145837711,EX_ttdcea_e_FWD,0
0.71739,0.145837711,EX_ttdcea_e_REV,0
0.71739,0.145837711,F6PA_FWD,1
0.71739,0.145837711,F6PA_REV,0
0.71739,0.145837711,CRNBTCT_FWD,0
0.71739,0.145837711,CRNBTCT_REV,0
0.71739,0.145837711,CRNCBCT_FWD,0
0.71739,0.145837711,CRNCBCT_REV,0
0.71739,0.145837711,CRNCDH_FWD,0
0.71739,0.145837711,CRNCDH_REV,0
0.71739,0.145837711,IDOND_FWD,0
0.71739,0.145837711,IDOND_REV,1
0.71739,0.145837711,ADK1_FWD,1
0.71739,0.145837711,ADK1_REV,0
0.71739,0.145837711,NDPK2_FWD,1
0.71739,0.145837711,NDPK2_REV,0
0.71739,0.145837711,NDPK3_FWD,1
0.71739,0.145837711,NDPK3_REV,0
0.71739,0.145837711,NDPK4_FWD,1
0.71739,0.145837711,NDPK4_REV,0
0.71739,0.145837711,DAPE_FWD,1
0.71739,0.145837711,DAPE_REV,0
0.71739,0.145837711,SDPTA_FWD,0
0.71739,0.145837711,SDPTA_REV,1
0.71739,0.145837711,DGK1_FWD,1
0.71739,0.145837711,DGK1_REV,0
0.71739,0.145837711,DTMPK_FWD,1
0.71739,0.145837711,DTMPK_REV,0
0.71739,0.145837711,NDPK1_FWD,1
0.71739,0.145837711,NDPK1_REV,0
0.71739,0.145837711,PGMT_FWD,0
0.71739,0.145837711,PGMT_REV,0
0.71739,0.145837711,ARAI_FWD,0
0.71739,0.145837711,ARAI_REV,0
0.71739,0.145837711,M1PD_FWD,0
0.71739,0.145837711,M1PD_REV,0
0.71739,0.145837711,G3PD2_FWD,0
0.71739,0.145837711,G3PD2_REV,1
0.71739,0.145837711,FCI_FWD,0
0.71739,0.145837711,FCI_REV,0
0.71739,0.145837711,FCLPA_FWD,0
0.71739,0.145837711,FCLPA_REV,0
0.71739,0.145837711,EX_ttdca_e_FWD,0
0.71739,0.145837711,EX_ttdca_e_REV,0
0.71739,0.145837711,PRPPS_FWD,1
0.71739,0.145837711,PRPPS_REV,0
0.71739,0.145837711,PRMICI_FWD,1
0.71739,0.145837711,PRMICI_REV,0
0.71739,0.145837711,SERAT_FWD,1
0.71739,0.145837711,SERAT_REV,0
0.71739,0.145837711,ASPK_FWD,1
0.71739,0.145837711,ASPK_REV,0
0.71739,0.145837711,ASAD_FWD,0
0.71739,0.145837711,ASAD_REV,1
0.71739,0.145837711,OCBT_FWD,1
0.71739,0.145837711,OCBT_REV,0
0.71739,0.145837711,GARFT_FWD,1
0.71739,0.145837711,GARFT_REV,1
0.71739,0.145837711,PHETA1_FWD,0
0.71739,0.145837711,PHETA1_REV,1
0.71739,0.145837711,MCITL2_FWD,1
0.71739,0.145837711,MCITL2_REV,0
0.71739,0.145837711,ACOTA_FWD,0
0.71739,0.145837711,ACOTA_REV,1
0.71739,0.145837711,CBMKr_FWD,0
0.71739,0.145837711,CBMKr_REV,1
0.71739,0.145837711,PRAGSr_FWD,1
0.71739,0.145837711,PRAGSr_REV,0
0.71739,0.145837711,AMANAPEr_FWD,0
0.71739,0.145837711,AMANAPEr_REV,0
0.71739,0.145837711,NNATr_FWD,1
0.71739,0.145837711,NNATr_REV,0
0.71739,0.145837711,GAPD_FWD,0
0.71739,0.145837711,GAPD_REV,1
0.71739,0.145837711,PPM2_FWD,1
0.71739,0.145837711,PPM2_REV,0
0.71739,0.145837711,G6PDH2r_FWD,1
0.71739,0.145837711,G6PDH2r_REV,0
0.71739,0.145837711,ARGSL_FWD,1
0.71739,0.145837711,ARGSL_REV,0
0.71739,0.145837711,EX_but_e_FWD,0
0.71739,0.145837711,EX_but_e_REV,0
0.71739,0.145837711,MLTP3_FWD,0
0.71739,0.145837711,MLTP3_REV,0
0.71739,0.145837711,SERASr_FWD,0
0.71739,0.145837711,SERASr_REV,0
0.71739,0.145837711,FBA3_FWD,1
0.71739,0.145837711,FBA3_REV,0
0.71739,0.145837711,ACACT7r_FWD,0
0.71739,0.145837711,ACACT7r_REV,0
0.71739,0.145837711,ADK3_FWD,1
0.71739,0.145837711,ADK3_REV,1
0.71739,0.145837711,ACACT2r_FWD,0
0.71739,0.145837711,ACACT2r_REV,0
0.71739,0.145837711,ACACT4r_FWD,0
0.71739,0.145837711,ACACT4r_REV,0
0.71739,0.145837711,HSDy_FWD,0
0.71739,0.145837711,HSDy_REV,1
0.71739,0.145837711,AHGDx_FWD,0
0.71739,0.145837711,AHGDx_REV,1
0.71739,0.145837711,MLTP2_FWD,0
0.71739,0.145837711,MLTP2_REV,0
0.71739,0.145837711,EX_dca_e_FWD,0
0.71739,0.145837711,EX_dca_e_REV,0
0.71739,0.145837711,TKT2_FWD,1
0.71739,0.145837711,TKT2_REV,0
0.71739,0.145837711,CYTK1_FWD,1
0.71739,0.145837711,CYTK1_REV,0
0.71739,0.145837711,CYTK2_FWD,1
0.71739,0.145837711,CYTK2_REV,0
0.71739,0.145837711,ECOAH8_FWD,0
0.71739,0.145837711,ECOAH8_REV,0
0.71739,0.145837711,GK1_FWD,1
0.71739,0.145837711,GK1_REV,0
0.71739,0.145837711,HACD1_FWD,0
0.71739,0.145837711,HACD1_REV,0
0.71739,0.145837711,EX_ppa_e_FWD,0
0.71739,0.145837711,EX_ppa_e_REV,0
0.71739,0.145837711,HACD2_FWD,0
0.71739,0.145837711,HACD2_REV,0
0.71739,0.145837711,ECOAH5_FWD,0
0.71739,0.145837711,ECOAH5_REV,0
0.71739,0.145837711,EX_fe3dcit_e_FWD,0
0.71739,0.145837711,EX_fe3dcit_e_REV,0
0.71739,0.145837711,EX_fe3hox_e_FWD,0
0.71739,0.145837711,EX_fe3hox_e_REV,0
0.71739,0.145837711,MALTATr_FWD,0
0.71739,0.145837711,MALTATr_REV,0
0.71739,0.145837711,TRSARr_FWD,1
0.71739,0.145837711,TRSARr_REV,0
0.71739,0.145837711,MTHFC_FWD,0
0.71739,0.145837711,MTHFC_REV,1
0.71739,0.145837711,MTHFD_FWD,0
0.71739,0.145837711,MTHFD_REV,1
0.71739,0.145837711,ALAGLUE_FWD,1
0.71739,0.145837711,ALAGLUE_REV,0
0.71739,0.145837711,ACACT6r_FWD,0
0.71739,0.145837711,ACACT6r_REV,0
0.71739,0.145837711,GGGABADr_FWD,1
0.71739,0.145837711,GGGABADr_REV,0
0.71739,0.145837711,EX_butso3_e_FWD,0
0.71739,0.145837711,EX_butso3_e_REV,0
0.71739,0.145837711,ARABDI_FWD,0
0.71739,0.145837711,ARABDI_REV,0
0.71739,0.145837711,EX_fe3hox_un_e_FWD,0
0.71739,0.145837711,EX_fe3hox_un_e_REV,0
0.71739,0.145837711,EX_chtbs_e_FWD,0
0.71739,0.145837711,EX_chtbs_e_REV,0
0.71739,0.145837711,ALLPI_FWD,0
0.71739,0.145837711,ALLPI_REV,0
0.71739,0.145837711,ALLULPE_FWD,0
0.71739,0.145837711,ALLULPE_REV,0
0.71739,0.145837711,EX_hacolipa_e_FWD,0
0.71739,0.145837711,EX_hacolipa_e_REV,0
0.71739,0.145837711,FALDH2_FWD,0
0.71739,0.145837711,FALDH2_REV,0
0.71739,0.145837711,DHPTPE_FWD,0
0.71739,0.145837711,DHPTPE_REV,0
0.71739,0.145837711,FALGTHLs_FWD,0
0.71739,0.145837711,FALGTHLs_REV,0
0.71739,0.145837711,FHL_FWD,0
0.71739,0.145837711,FHL_REV,0
0.71739,0.145837711,GLUDy_FWD,0
0.71739,0.145837711,GLUDy_REV,1
0.71739,0.145837711,CRNCAR_FWD,0
0.71739,0.145837711,CRNCAR_REV,0
0.71739,0.145837711,DHFR_FWD,1
0.71739,0.145837711,DHFR_REV,0
0.71739,0.145837711,HACD3_FWD,0
0.71739,0.145837711,HACD3_REV,0
0.71739,0.145837711,TYRTA_FWD,0
0.71739,0.145837711,TYRTA_REV,1
0.71739,0.145837711,E4PD_FWD,1
0.71739,0.145837711,E4PD_REV,0
0.71739,0.145837711,DADK_FWD,1
0.71739,0.145837711,DADK_REV,0
0.71739,0.145837711,EX_ddca_e_FWD,0
0.71739,0.145837711,EX_ddca_e_REV,0
0.71739,0.145837711,PUNP4_FWD,0
0.71739,0.145837711,PUNP4_REV,0
0.71739,0.145837711,AMAOTr_FWD,1
0.71739,0.145837711,AMAOTr_REV,0
0.71739,0.145837711,ACACT1r_FWD,0
0.71739,0.145837711,ACACT1r_REV,0
0.71739,0.145837711,UDPKAAT_FWD,0
0.71739,0.145837711,UDPKAAT_REV,0
0.71739,0.145837711,GLCATr_FWD,0
0.71739,0.145837711,GLCATr_REV,0
0.71739,0.145837711,MLTP1_FWD,0
0.71739,0.145837711,MLTP1_REV,0
0.71739,0.145837711,ALAALAr_FWD,1
0.71739,0.145837711,ALAALAr_REV,0
0.71739,0.145837711,EX_14glucan_e_FWD,0
0.71739,0.145837711,EX_14glucan_e_REV,0
0.71739,0.145837711,EX_feoxam_un_e_FWD,0
0.71739,0.145837711,EX_feoxam_un_e_REV,0
0.71739,0.145837711,SUCOAS_FWD,1
0.71739,0.145837711,SUCOAS_REV,0
0.71739,0.145837711,GALKr_FWD,0
0.71739,0.145837711,GALKr_REV,0
0.71739,0.145837711,DURADx_FWD,0
0.71739,0.145837711,DURADx_REV,0
0.71739,0.145837711,ECOAH7_FWD,0
0.71739,0.145837711,ECOAH7_REV,0
0.71739,0.145837711,LDH_D_FWD,0
0.71739,0.145837711,LDH_D_REV,1
0.71739,0.145837711,IPDDI_FWD,1
0.71739,0.145837711,IPDDI_REV,1
0.71739,0.145837711,T2DECAI_FWD,1
0.71739,0.145837711,T2DECAI_REV,0
0.71739,0.145837711,ADSL1r_FWD,1
0.71739,0.145837711,ADSL1r_REV,0
0.71739,0.145837711,AICART_FWD,1
0.71739,0.145837711,AICART_REV,0
0.71739,0.145837711,CLPNS160pp_FWD,1
0.71739,0.145837711,CLPNS160pp_REV,0
0.71739,0.145837711,CLPNS161pp_FWD,0
0.71739,0.145837711,CLPNS161pp_REV,0
0.71739,0.145837711,HPYRI_FWD,0
0.71739,0.145837711,HPYRI_REV,1
0.71739,0.145837711,GUI2_FWD,0
0.71739,0.145837711,GUI2_REV,0
0.71739,0.145837711,PGM_FWD,1
0.71739,0.145837711,PGM_REV,1
0.71739,0.145837711,TPI_FWD,0
0.71739,0.145837711,TPI_REV,1
0.71739,0.145837711,RPI_FWD,0
0.71739,0.145837711,RPI_REV,1
0.71739,0.145837711,PERD_FWD,1
0.71739,0.145837711,PERD_REV,0
0.71739,0.145837711,ACONIs_FWD,0
0.71739,0.145837711,ACONIs_REV,0
0.71739,0.145837711,ACONTb_FWD,1
0.71739,0.145837711,ACONTb_REV,0
0.71739,0.145837711,MICITDr_FWD,1
0.71739,0.145837711,MICITDr_REV,0
0.71739,0.145837711,ACONTa_FWD,1
0.71739,0.145837711,ACONTa_REV,0
0.71739,0.145837711,CLPNS140pp_FWD,1
0.71739,0.145837711,CLPNS140pp_REV,0
0.71739,0.145837711,ATHRDHr_FWD,0
0.71739,0.145837711,ATHRDHr_REV,0
0.71739,0.145837711,LSERDHr_FWD,0
0.71739,0.145837711,LSERDHr_REV,0
0.71739,0.145837711,DSERDHr_FWD,0
0.71739,0.145837711,DSERDHr_REV,0
0.71739,0.145837711,EX_cpgn_un_e_FWD,0
0.71739,0.145837711,EX_cpgn_un_e_REV,0
0.71739,0.145837711,EX_arbtn_e_FWD,0
0.71739,0.145837711,EX_arbtn_e_REV,0
0.71739,0.145837711,ACOAD7f_FWD,0
0.71739,0.145837711,ACOAD7f_REV,1
0.71739,0.145837711,ACOAD8f_FWD,0
0.71739,0.145837711,ACOAD8f_REV,0
0.71739,0.145837711,ACOAD5f_FWD,0
0.71739,0.145837711,ACOAD5f_REV,0
0.71739,0.145837711,ACOAD3f_FWD,0
0.71739,0.145837711,ACOAD3f_REV,0
0.71739,0.145837711,ACOAD6f_FWD,0
0.71739,0.145837711,ACOAD6f_REV,1
0.71739,0.145837711,FRULYSE_FWD,0
0.71739,0.145837711,FRULYSE_REV,0
0.71739,0.145837711,EX_LalaDgluMdap_e_FWD,0
0.71739,0.145837711,EX_LalaDgluMdap_e_REV,0
0.71739,0.145837711,EX_anhgm_e_FWD,0
0.71739,0.145837711,EX_anhgm_e_REV,0
0.71739,0.145837711,HACD8_FWD,0
0.71739,0.145837711,HACD8_REV,0
0.71739,0.145837711,ACACT8r_FWD,0
0.71739,0.145837711,ACACT8r_REV,0
0.71739,0.145837711,DHACOAH_FWD,0
0.71739,0.145837711,DHACOAH_REV,0
0.71739,0.145837711,ALDD19xr_FWD,0
0.71739,0.145837711,ALDD19xr_REV,0
0.71739,0.145837711,VPAMTr_FWD,1
0.71739,0.145837711,VPAMTr_REV,1
0.71739,0.145837711,13PPDH2_FWD,0
0.71739,0.145837711,13PPDH2_REV,0
0.71739,0.145837711,GHBDHx_FWD,0
0.71739,0.145837711,GHBDHx_REV,0
0.71739,0.145837711,APPLDHr_FWD,0
0.71739,0.145837711,APPLDHr_REV,0
0.71739,0.145837711,DHNPA2r_FWD,1
0.71739,0.145837711,DHNPA2r_REV,0
0.71739,0.145837711,ACOXT_FWD,0
0.71739,0.145837711,ACOXT_REV,0
0.71739,0.145837711,PCNO_FWD,0
0.71739,0.145837711,PCNO_REV,0
0.71739,0.145837711,5DKGR_FWD,0
0.71739,0.145837711,5DKGR_REV,0
0.71739,0.145837711,4HTHRA_FWD,0
0.71739,0.145837711,4HTHRA_REV,0
0.71739,0.145837711,INOSTO_FWD,0
0.71739,0.145837711,INOSTO_REV,0
0.71739,0.145837711,FORCT_FWD,0
0.71739,0.145837711,FORCT_REV,0
0.71739,0.145837711,HADPCOADH3_FWD,0
0.71739,0.145837711,HADPCOADH3_REV,0
